{
  "advancedEditorSelectedIdentifier" : "ProjectBrowser",
  "openSceneRelativePaths" : [

  ],
  "recentIdentifiers" : {

  },
  "sceneCameraHistory" : {
    "58DA8DD5-D4A2-43FD-848D-1FD32A1F6398" : [
      {
        "date" : 736796950.241773,
        "title" : "Untitled",
        "transform" : [
          1,
          0,
          -0,
          0,
          -0,
          0.8660253,
          -0.50000006,
          0,
          0,
          0.50000006,
          0.8660253,
          0,
          0,
          0.18903418,
          0.3274168,
          1
        ]
      }
    ],
    "8590CB48-5574-4FCE-8278-54AD43526785" : [
      {
        "date" : 736511313.228469,
        "title" : "Untitled",
        "transform" : [
          0.99999994,
          0,
          0,
          0,
          0,
          0.8660255,
          -0.49999988,
          0,
          0,
          0.49999988,
          0.8660255,
          0,
          -0.03357958,
          0.30049682,
          0.26908615,
          1
        ]
      },
      {
        "date" : 736511305.444337,
        "title" : "Untitled",
        "transform" : [
          0.99999994,
          0,
          0,
          0,
          0,
          0.8660255,
          -0.49999988,
          0,
          0,
          0.49999988,
          0.8660255,
          0,
          -0.01161466,
          0.28388557,
          0.27867663,
          1
        ]
      },
      {
        "date" : 736511299.450558,
        "title" : "Untitled",
        "transform" : [
          0.99999994,
          0,
          0,
          0,
          0,
          0.8660255,
          -0.49999988,
          0,
          0,
          0.49999988,
          0.8660255,
          0,
          -0.027570829,
          0.2678853,
          0.2879144,
          1
        ]
      },
      {
        "date" : 736511287.942616,
        "title" : "Untitled",
        "transform" : [
          0.99999994,
          0,
          0,
          0,
          0,
          0.8660255,
          -0.49999988,
          0,
          0,
          0.49999988,
          0.8660255,
          0,
          -3.4344725e-09,
          0.38108134,
          0.43972337,
          1
        ]
      },
      {
        "date" : 736511265.201525,
        "title" : "Untitled",
        "transform" : [
          0.99999994,
          0,
          -0,
          0,
          -0,
          0.8660255,
          -0.49999988,
          0,
          0,
          0.49999988,
          0.8660255,
          0,
          0,
          0.1934591,
          0.335081,
          1
        ]
      }
    ],
    "AF09ED6F-1707-48FD-8720-65B998362C09" : [
      {
        "date" : 736511107.810029,
        "title" : "Untitled",
        "transform" : [
          1,
          0,
          0,
          0,
          0,
          0.8760908,
          -0.48214608,
          0,
          0,
          0.48214608,
          0.8760908,
          0,
          -0.25441813,
          2.438233,
          0.3633808,
          1
        ]
      },
      {
        "date" : 736511085.07856,
        "title" : "Untitled",
        "transform" : [
          1,
          0,
          -0,
          0,
          -0,
          0.8760908,
          -0.48214608,
          0,
          0,
          0.48214608,
          0.8760908,
          0,
          0,
          68.72662,
          116.92067,
          1
        ]
      }
    ],
    "F5744195-E0CD-4F5D-800F-3DCBFC92D430" : [
      {
        "date" : 736796127.252247,
        "title" : "Untitled",
        "transform" : [
          0.99999994,
          0,
          0,
          0,
          0,
          0.8660254,
          -0.49999988,
          0,
          0,
          0.49999988,
          0.8660254,
          0,
          0.0006977788,
          -0.022916846,
          0.19375266,
          1
        ]
      },
      {
        "date" : 736796096.707147,
        "title" : "Untitled",
        "transform" : [
          0.99999994,
          0,
          0,
          0,
          0,
          0.8660254,
          -0.49999988,
          0,
          0,
          0.49999988,
          0.8660254,
          0,
          -3.4366887e-05,
          -0.0018362392,
          0.21794885,
          1
        ]
      },
      {
        "date" : 736796082.692972,
        "title" : "Untitled",
        "transform" : [
          0.99999994,
          0,
          0,
          0,
          0,
          0.8660254,
          -0.49999988,
          0,
          0,
          0.49999988,
          0.8660254,
          0,
          -0.00801404,
          -0.027231783,
          0.2245027,
          1
        ]
      },
      {
        "date" : 736796071.151504,
        "title" : "Untitled",
        "transform" : [
          0.99999994,
          0,
          0,
          0,
          0,
          0.8660254,
          -0.49999988,
          0,
          0,
          0.49999988,
          0.8660254,
          0,
          -0.0057412162,
          -0.02982387,
          0.25790185,
          1
        ]
      },
      {
        "date" : 736796064.336541,
        "title" : "Untitled",
        "transform" : [
          0.99999994,
          0,
          0,
          0,
          0,
          0.8660254,
          -0.49999988,
          0,
          0,
          0.49999988,
          0.8660254,
          0,
          0.00055389106,
          -0.030096829,
          0.25805947,
          1
        ]
      },
      {
        "date" : 736796005.096818,
        "title" : "Untitled",
        "transform" : [
          0.99999994,
          0,
          0,
          0,
          0,
          0.8660254,
          -0.49999988,
          0,
          0,
          0.49999988,
          0.8660254,
          0,
          0.0015260214,
          -0.00875105,
          0.24573548,
          1
        ]
      },
      {
        "date" : 736795998.282926,
        "title" : "Untitled",
        "transform" : [
          0.99999994,
          0,
          0,
          0,
          0,
          0.8660254,
          -0.49999988,
          0,
          0,
          0.49999988,
          0.8660254,
          0,
          -0.044500556,
          0.28421983,
          0.84825164,
          1
        ]
      },
      {
        "date" : 736795968.191855,
        "title" : "Untitled",
        "transform" : [
          0.99999994,
          0,
          0,
          0,
          0,
          0.8660254,
          -0.49999988,
          0,
          0,
          0.49999988,
          0.8660254,
          0,
          0.0029456168,
          -0.0032627871,
          0.23989163,
          1
        ]
      },
      {
        "date" : 736795956.21323,
        "title" : "Untitled",
        "transform" : [
          0.99999994,
          0,
          0,
          0,
          0,
          0.8660254,
          -0.49999988,
          0,
          0,
          0.49999988,
          0.8660254,
          0,
          0.0052214433,
          0.36764395,
          0.38948768,
          1
        ]
      },
      {
        "date" : 736795949.439918,
        "title" : "Untitled",
        "transform" : [
          0.99999994,
          0,
          0,
          0,
          0,
          0.8660254,
          -0.49999988,
          0,
          0,
          0.49999988,
          0.8660254,
          0,
          -0.010484042,
          0.15102625,
          0.17882982,
          1
        ]
      }
    ]
  }
}