{
  "advancedEditorSelectedIdentifier" : "ProjectBrowser",
  "openSceneRelativePaths" : [
    "Fireworks.usda"
  ],
  "recentIdentifiers" : {

  },
  "sceneCameraHistory" : {
    "8590CB48-5574-4FCE-8278-54AD43526785" : [
      {
        "date" : 736511313.228469,
        "title" : "Untitled",
        "transform" : [
          0.99999994,
          0,
          0,
          0,
          0,
          0.8660255,
          -0.49999988,
          0,
          0,
          0.49999988,
          0.8660255,
          0,
          -0.03357958,
          0.30049682,
          0.26908615,
          1
        ]
      },
      {
        "date" : 736511305.444337,
        "title" : "Untitled",
        "transform" : [
          0.99999994,
          0,
          0,
          0,
          0,
          0.8660255,
          -0.49999988,
          0,
          0,
          0.49999988,
          0.8660255,
          0,
          -0.01161466,
          0.28388557,
          0.27867663,
          1
        ]
      },
      {
        "date" : 736511299.450558,
        "title" : "Untitled",
        "transform" : [
          0.99999994,
          0,
          0,
          0,
          0,
          0.8660255,
          -0.49999988,
          0,
          0,
          0.49999988,
          0.8660255,
          0,
          -0.027570829,
          0.2678853,
          0.2879144,
          1
        ]
      },
      {
        "date" : 736511287.942616,
        "title" : "Untitled",
        "transform" : [
          0.99999994,
          0,
          0,
          0,
          0,
          0.8660255,
          -0.49999988,
          0,
          0,
          0.49999988,
          0.8660255,
          0,
          -3.4344725e-09,
          0.38108134,
          0.43972337,
          1
        ]
      },
      {
        "date" : 736511265.201525,
        "title" : "Untitled",
        "transform" : [
          0.99999994,
          0,
          -0,
          0,
          -0,
          0.8660255,
          -0.49999988,
          0,
          0,
          0.49999988,
          0.8660255,
          0,
          0,
          0.1934591,
          0.335081,
          1
        ]
      }
    ],
    "AF09ED6F-1707-48FD-8720-65B998362C09" : [
      {
        "date" : 736511107.810029,
        "title" : "Untitled",
        "transform" : [
          1,
          0,
          0,
          0,
          0,
          0.8760908,
          -0.48214608,
          0,
          0,
          0.48214608,
          0.8760908,
          0,
          -0.25441813,
          2.438233,
          0.3633808,
          1
        ]
      },
      {
        "date" : 736511085.07856,
        "title" : "Untitled",
        "transform" : [
          1,
          0,
          -0,
          0,
          -0,
          0.8760908,
          -0.48214608,
          0,
          0,
          0.48214608,
          0.8760908,
          0,
          0,
          68.72662,
          116.92067,
          1
        ]
      }
    ],
    "F5744195-E0CD-4F5D-800F-3DCBFC92D430" : [
      {
        "date" : 736511243.079626,
        "title" : "Untitled",
        "transform" : [
          0.99999994,
          0,
          0,
          0,
          0,
          0.8660254,
          -0.49999988,
          0,
          0,
          0.49999988,
          0.8660254,
          0,
          0.017116427,
          0.24775943,
          0.27794552,
          1
        ]
      },
      {
        "date" : 736511241.535255,
        "title" : "Untitled",
        "transform" : [
          0.99999994,
          0,
          0,
          0,
          0,
          0.8660254,
          -0.49999988,
          0,
          0,
          0.49999988,
          0.8660254,
          0,
          -0.06596223,
          0.17304364,
          0.32108268,
          1
        ]
      },
      {
        "date" : 736511235.869818,
        "title" : "Untitled",
        "transform" : [
          0.99999994,
          0,
          0,
          0,
          0,
          0.8660254,
          -0.49999988,
          0,
          0,
          0.49999988,
          0.8660254,
          0,
          -0.024422942,
          0.20625083,
          0.30191052,
          1
        ]
      },
      {
        "date" : 736511220.69252,
        "title" : "Untitled",
        "transform" : [
          0.99999994,
          0,
          0,
          0,
          0,
          0.8660254,
          -0.49999988,
          0,
          0,
          0.49999988,
          0.8660254,
          0,
          -0.0371922,
          0.06510952,
          0.17413847,
          1
        ]
      },
      {
        "date" : 736511207.143504,
        "title" : "Untitled",
        "transform" : [
          0.99999994,
          0,
          0,
          0,
          0,
          0.8660254,
          -0.49999988,
          0,
          0,
          0.49999988,
          0.8660254,
          0,
          -0.0013538077,
          -0.0085968375,
          0.28222436,
          1
        ]
      },
      {
        "date" : 736511204.911402,
        "title" : "Untitled",
        "transform" : [
          0.99999994,
          0,
          0,
          0,
          0,
          0.8660254,
          -0.49999988,
          0,
          0,
          0.49999988,
          0.8660254,
          0,
          0.0019656625,
          -0.033163905,
          0.29640812,
          1
        ]
      },
      {
        "date" : 736511199.512981,
        "title" : "Untitled",
        "transform" : [
          0.99999994,
          0,
          0,
          0,
          0,
          0.8660254,
          -0.49999988,
          0,
          0,
          0.49999988,
          0.8660254,
          0,
          0.03524719,
          0.14992046,
          0.21432728,
          1
        ]
      },
      {
        "date" : 736511198.378443,
        "title" : "Untitled",
        "transform" : [
          0.99999994,
          0,
          0,
          0,
          0,
          0.8660254,
          -0.49999988,
          0,
          0,
          0.49999988,
          0.8660254,
          0,
          0.05066237,
          0.12519833,
          0.22860059,
          1
        ]
      },
      {
        "date" : 736511186.89531,
        "title" : "Untitled",
        "transform" : [
          0.99999994,
          0,
          0,
          0,
          0,
          0.8660254,
          -0.49999988,
          0,
          0,
          0.49999988,
          0.8660254,
          0,
          -0.020657938,
          0.2514261,
          0.24002679,
          1
        ]
      },
      {
        "date" : 736511164.171454,
        "title" : "Untitled",
        "transform" : [
          0.99999994,
          0,
          0,
          0,
          0,
          0.8660254,
          -0.49999988,
          0,
          0,
          0.49999988,
          0.8660254,
          0,
          -0.061199475,
          0.7448539,
          0.71108323,
          1
        ]
      }
    ]
  },
  "selectedSceneRelativePath" : "Fireworks.usda"
}